00000000000000000000000000000
            00                          0                          
                                  
                                                                
                                                                    

                                                                                                                            1                                    0000  00  000  000  000   000000                     
             0                    0     0                       0                                                        0000  00                            0000               000                                   
           00001       11    0             101               00000001     11     11    1                         11   000      0000                       000                   000                  1                 3
000000000000000000000000000000000000000000000000   00   000000000000000000000000000000000000000  000  00  00  00000000000      000000000    00000000000000000                   000                00000000000000000000000
